0.1 0.1 151.0
0.9 0.1 151.0
1.7 0.1 151.0
2.5 0.1 151.0
3.3 0.1 151.0
4.1 0.1 151.0
4.9 0.1 151.0
5.7 0.1 151.0
0.1 0.9 151.0
0.9 0.9 151.0
1.7 0.9 151.0
2.5 0.9 151.0
3.3 0.9 151.0
4.1 0.9 151.0
4.9 0.9 151.0
5.7 0.9 151.0
0.1 1.7 151.0
0.9 1.7 151.0
1.7 1.7 600.0
2.5 1.7 151.0
3.3 1.7 151.0
4.1 1.7 151.0
4.9 1.7 151.0
5.7 1.7 151.0
0.1 2.5 151.0
0.9 2.5 151.0
1.7 2.5 151.0
2.5 2.5 600.0
3.3 2.5 600.0
4.1 2.5 151.0
4.9 2.5 151.0
5.7 2.5 151.0
0.1 3.3 151.0
0.9 3.3 151.0
1.7 3.3 151.0
2.5 3.3 600.0
3.3 3.3 600.0
4.1 3.3 600.0
4.9 3.3 600.0
5.7 3.3 151.0
0.1 4.1 151.0
0.9 4.1 151.0
1.7 4.1 151.0
2.5 4.1 151.0
3.3 4.1 600.0
4.1 4.1 600.0
4.9 4.1 600.0
5.7 4.1 600.0
0.1 4.9 151.0
0.9 4.9 151.0
1.7 4.9 151.0
2.5 4.9 151.0
3.3 4.9 600.0
4.1 4.9 600.0
4.9 4.9 600.0
5.7 4.9 600.0
0.1 5.7 151.0
0.9 5.7 151.0
1.7 5.7 151.0
2.5 5.7 151.0
3.3 5.7 179.0
4.1 5.7 600.0
4.9 5.7 600.0
5.7 5.7 600.0
