2.0033333333333334 2.0193333333333334
2.0033333333333334 2.0193333333333334
2.0033333333333334 2.03
2.0033333333333334 2.03
2.0366666666666666 2.040666666666667
2.0366666666666666 2.040666666666667
2.0366666666666666 2.0513333333333335
2.0366666666666666 2.0513333333333335
2.0366666666666666 2.062
2.0366666666666666 2.062
2.07 2.072666666666667
2.07 2.072666666666667
2.07 2.0833333333333335
2.07 2.0833333333333335
2.1033333333333335 2.0940000000000003
2.1033333333333335 2.0940000000000003
2.1033333333333335 2.104666666666667
2.1033333333333335 2.104666666666667
2.1033333333333335 2.1153333333333335
2.1033333333333335 2.1153333333333335
2.1366666666666667 2.1260000000000003
2.1366666666666667 2.1260000000000003
2.1366666666666667 2.1366666666666667
2.1366666666666667 2.1366666666666667
2.17 2.1473333333333335
2.1366666666666667 2.1473333333333335
2.17 2.1580000000000004
2.1366666666666667 2.1580000000000004
2.17 2.1686666666666667
2.17 2.1686666666666667
2.2033333333333336 2.1793333333333336
2.17 2.1793333333333336
2.2033333333333336 2.19
2.17 2.19
2.236666666666667 2.2006666666666668
2.17 2.2006666666666668
2.236666666666667 2.2113333333333336
2.2033333333333336 2.2113333333333336
2.236666666666667 2.222
2.2033333333333336 2.222
2.27 2.232666666666667
2.2033333333333336 2.232666666666667
2.27 2.2433333333333336
2.2033333333333336 2.2433333333333336
2.3033333333333332 2.254
2.236666666666667 2.254
2.3033333333333332 2.2646666666666673
2.236666666666667 2.2646666666666673
2.3366666666666664 2.2753333333333337
2.236666666666667 2.2753333333333337
2.3366666666666664 2.286
2.236666666666667 2.286
2.37 2.296666666666667
2.27 2.296666666666667
2.37 2.3073333333333337
2.27 2.3073333333333337
2.37 2.318
2.27 2.318
2.4033333333333333 2.328666666666667
2.27 2.328666666666667
2.4033333333333333 2.3393333333333337
2.3033333333333332 2.3393333333333337
2.436666666666667 2.35
2.3033333333333332 2.35
2.436666666666667 2.360666666666667
2.3033333333333332 2.360666666666667
2.47 2.3713333333333337
2.3033333333333332 2.3713333333333337
2.47 2.382
2.3366666666666664 2.382
2.5033333333333334 2.392666666666667
2.3366666666666664 2.392666666666667
2.5033333333333334 2.4033333333333333
2.3366666666666664 2.4033333333333333
2.5366666666666666 2.414
2.3366666666666664 2.414
2.5366666666666666 2.424666666666667
2.3366666666666664 2.424666666666667
2.57 2.4353333333333333
2.37 2.4353333333333333
2.57 2.446
2.37 2.446
2.6033333333333335 2.4566666666666666
2.37 2.4566666666666666
2.6033333333333335 2.467333333333334
2.37 2.467333333333334
2.6366666666666667 2.478
2.4033333333333333 2.478
2.6366666666666667 2.4886666666666666
2.4033333333333333 2.4886666666666666
2.67 2.499333333333334
2.4033333333333333 2.499333333333334
2.67 2.5100000000000002
2.4033333333333333 2.5100000000000002
2.703333333333333 2.5206666666666666
2.4033333333333333 2.5206666666666666
2.703333333333333 2.531333333333334
2.436666666666667 2.531333333333334
2.736666666666667 2.5420000000000003
2.436666666666667 2.5420000000000003
2.736666666666667 2.552666666666667
2.436666666666667 2.552666666666667
2.77 2.5633333333333335
2.436666666666667 2.5633333333333335
2.77 2.5740000000000003
2.436666666666667 2.5740000000000003
2.8033333333333332 2.584666666666667
2.47 2.584666666666667
2.8033333333333332 2.5953333333333335
2.47 2.5953333333333335
2.8366666666666664 2.6060000000000003
2.47 2.6060000000000003
2.8366666666666664 2.6166666666666667
2.47 2.6166666666666667
2.8699999999999997 2.6273333333333335
2.5033333333333334 2.6273333333333335
2.8699999999999997 2.6380000000000003
2.5033333333333334 2.6380000000000003
2.9033333333333338 2.6486666666666667
2.5033333333333334 2.6486666666666667
2.9033333333333338 2.6593333333333335
2.5033333333333334 2.6593333333333335
2.936666666666667 2.67
2.5033333333333334 2.67
2.936666666666667 2.6806666666666668
2.5366666666666666 2.6806666666666668
2.97 2.691333333333334
2.5366666666666666 2.691333333333334
2.97 2.702
2.5366666666666666 2.702
3.0033333333333334 2.7126666666666672
2.5366666666666666 2.7126666666666672
3.0366666666666666 2.723333333333333
2.5366666666666666 2.723333333333333
3.0366666666666666 2.734
2.57 2.734
3.0700000000000003 2.7446666666666673
2.57 2.7446666666666673
3.0700000000000003 2.755333333333333
2.57 2.755333333333333
3.1033333333333335 2.766
2.57 2.766
3.1033333333333335 2.776666666666667
2.57 2.776666666666667
3.1366666666666667 2.787333333333333
2.6033333333333335 2.787333333333333
3.1366666666666667 2.7980000000000005
2.6033333333333335 2.7980000000000005
3.17 2.808666666666667
2.6033333333333335 2.808666666666667
3.203333333333333 2.8193333333333332
2.6033333333333335 2.8193333333333332
3.203333333333333 2.83
2.6033333333333335 2.83
3.236666666666667 2.840666666666667
2.6366666666666667 2.840666666666667
3.236666666666667 2.8513333333333333
2.6366666666666667 2.8513333333333333
3.27 2.862
2.6366666666666667 2.862
3.3033333333333332 2.872666666666667
2.6366666666666667 2.872666666666667
3.3033333333333332 2.8833333333333333
2.6366666666666667 2.8833333333333333
3.3366666666666664 2.894
2.67 2.894
3.3366666666666664 2.904666666666667
2.67 2.904666666666667
3.3699999999999997 2.9153333333333333
2.67 2.9153333333333333
3.3699999999999997 2.926
2.67 2.926
3.4033333333333338 2.936666666666667
2.67 2.936666666666667
3.436666666666667 2.9473333333333334
2.67 2.9473333333333334
3.436666666666667 2.958
2.703333333333333 2.958
3.47 2.968666666666667
2.703333333333333 2.968666666666667
3.47 2.9793333333333334
2.703333333333333 2.9793333333333334
3.5033333333333334 2.99
2.703333333333333 2.99
3.5366666666666666 3.000666666666667
2.703333333333333 3.000666666666667
3.5366666666666666 3.0113333333333334
2.736666666666667 3.0113333333333334
3.5700000000000003 3.0220000000000002
2.736666666666667 3.0220000000000002
3.6033333333333335 3.032666666666667
2.736666666666667 3.032666666666667
3.6033333333333335 3.0433333333333334
2.736666666666667 3.0433333333333334
3.6366666666666667 3.0540000000000003
2.736666666666667 3.0540000000000003
3.6366666666666667 3.064666666666667
2.77 3.064666666666667
3.67 3.0753333333333335
2.77 3.0753333333333335
3.703333333333333 3.0860000000000003
2.77 3.0860000000000003
3.703333333333333 3.096666666666667
2.77 3.096666666666667
3.736666666666667 3.1073333333333335
2.77 3.1073333333333335
3.77 3.1180000000000003
2.77 3.1180000000000003
3.77 3.128666666666667
2.8033333333333332 3.128666666666667
3.8033333333333332 3.1393333333333335
2.8033333333333332 3.1393333333333335
3.8366666666666664 3.1500000000000004
2.8033333333333332 3.1500000000000004
3.8366666666666664 3.160666666666667
2.8033333333333332 3.160666666666667
3.8699999999999997 3.1713333333333336
2.8033333333333332 3.1713333333333336
3.8699999999999997 3.1820000000000004
2.8366666666666664 3.1820000000000004
3.9033333333333338 3.192666666666667
2.8366666666666664 3.192666666666667
3.936666666666667 3.203333333333333
2.8366666666666664 3.203333333333333
3.936666666666667 3.2140000000000004
2.8366666666666664 3.2140000000000004
3.97 3.2246666666666672
2.8366666666666664 3.2246666666666672
4.003333333333333 3.2353333333333336
2.8366666666666664 3.2353333333333336
4.003333333333333 3.2460000000000004
2.8699999999999997 3.2460000000000004
4.036666666666666 3.2566666666666664
2.8699999999999997 3.2566666666666664
4.07 3.2673333333333336
2.8699999999999997 3.2673333333333336
4.07 3.2780000000000005
2.8699999999999997 3.2780000000000005
4.1033333333333335 3.2886666666666664
2.8699999999999997 3.2886666666666664
4.136666666666667 3.2993333333333337
2.9033333333333338 3.2993333333333337
4.136666666666667 3.31
2.9033333333333338 3.31
4.17 3.3206666666666673
2.9033333333333338 3.3206666666666673
4.203333333333333 3.3313333333333337
2.9033333333333338 3.3313333333333337
4.236666666666667 3.342
2.9033333333333338 3.342
4.236666666666667 3.3526666666666673
2.9033333333333338 3.3526666666666673
4.2700000000000005 3.3633333333333333
2.936666666666667 3.3633333333333333
4.303333333333334 3.374
2.936666666666667 3.374
4.303333333333334 3.3846666666666674
2.936666666666667 3.3846666666666674
4.336666666666667 3.3953333333333333
2.936666666666667 3.3953333333333333
4.37 3.4060000000000006
2.936666666666667 3.4060000000000006
4.37 3.4166666666666665
2.936666666666667 3.4166666666666665
4.403333333333333 3.4273333333333333
2.97 3.4273333333333333
4.4366666666666665 3.4380000000000006
2.97 3.4380000000000006
4.47 3.4486666666666674
2.97 3.4486666666666674
4.47 3.4593333333333334
2.97 3.4593333333333334
4.503333333333333 3.47
2.97 3.47
4.536666666666666 3.4806666666666666
2.97 3.4806666666666666
4.536666666666666 3.491333333333334
3.0033333333333334 3.491333333333334
4.57 3.5020000000000007
3.0033333333333334 3.5020000000000007
4.6033333333333335 3.5126666666666666
3.0033333333333334 3.5126666666666666
4.636666666666667 3.5233333333333334
3.0033333333333334 3.5233333333333334
4.636666666666667 3.5340000000000003
3.0033333333333334 3.5340000000000003
4.67 3.5446666666666666
3.0033333333333334 3.5446666666666666
4.703333333333333 3.555333333333334
3.0366666666666666 3.555333333333334
4.703333333333333 3.5660000000000003
3.0366666666666666 3.5660000000000003
4.736666666666667 3.5766666666666667
3.0366666666666666 3.5766666666666667
4.7700000000000005 3.5873333333333335
3.0366666666666666 3.5873333333333335
4.803333333333334 3.5980000000000003
3.0366666666666666 3.5980000000000003
4.803333333333334 3.6086666666666676
3.0366666666666666 3.6086666666666676
4.836666666666667 3.6193333333333335
3.0700000000000003 3.6193333333333335
4.87 3.6300000000000003
3.0700000000000003 3.6300000000000003
4.903333333333333 3.6406666666666667
3.0700000000000003 3.6406666666666667
4.903333333333333 3.6513333333333335
3.0700000000000003 3.6513333333333335
4.9366666666666665 3.662000000000001
3.0700000000000003 3.662000000000001
4.97 3.6726666666666663
3.0700000000000003 3.6726666666666663
5.003333333333333 3.6833333333333336
3.1033333333333335 3.6833333333333336
5.003333333333333 3.6940000000000004
3.1033333333333335 3.6940000000000004
5.036666666666666 3.7046666666666668
3.1033333333333335 3.7046666666666668
5.07 3.7153333333333336
3.1033333333333335 3.7153333333333336
5.1033333333333335 3.7259999999999995
3.1033333333333335 3.7259999999999995
5.136666666666667 3.736666666666667
3.1033333333333335 3.736666666666667
5.136666666666667 3.7473333333333336
3.1366666666666667 3.7473333333333336
5.17 3.7580000000000005
3.1366666666666667 3.7580000000000005
5.203333333333334 3.768666666666667
3.1366666666666667 3.768666666666667
5.236666666666667 3.779333333333333
3.1366666666666667 3.779333333333333
5.236666666666667 3.7900000000000005
3.1366666666666667 3.7900000000000005
5.2700000000000005 3.800666666666667
3.1366666666666667 3.800666666666667
5.303333333333334 3.8113333333333337
3.17 3.8113333333333337
5.336666666666667 3.8220000000000005
3.17 3.8220000000000005
5.37 3.8326666666666664
3.17 3.8326666666666664
5.37 3.8433333333333333
3.17 3.8433333333333333
5.403333333333333 3.8540000000000005
3.17 3.8540000000000005
5.4366666666666665 3.864666666666667
3.17 3.864666666666667
5.47 3.8753333333333337
3.17 3.8753333333333337
5.503333333333334 3.8859999999999997
3.203333333333333 3.8859999999999997
5.503333333333334 3.8966666666666665
3.203333333333333 3.8966666666666665
5.536666666666666 3.9073333333333338
3.203333333333333 3.9073333333333338
5.57 3.9180000000000006
3.203333333333333 3.9180000000000006
5.603333333333333 3.928666666666667
3.203333333333333 3.928666666666667
5.636666666666667 3.9393333333333334
3.203333333333333 3.9393333333333334
5.636666666666667 3.9499999999999997
3.236666666666667 3.9499999999999997
5.670000000000001 3.960666666666667
3.236666666666667 3.960666666666667
5.703333333333333 3.971333333333334
3.236666666666667 3.971333333333334
5.736666666666667 3.9820000000000007
3.236666666666667 3.9820000000000007
5.77 3.9926666666666666
3.236666666666667 3.9926666666666666
5.803333333333334 4.003333333333333
3.236666666666667 4.003333333333333
5.803333333333334 4.014
3.236666666666667 4.014
5.836666666666667 4.0246666666666675
3.27 4.0246666666666675
5.87 4.035333333333334
3.27 4.035333333333334
5.903333333333333 4.046
3.27 4.046
5.9366666666666665 4.056666666666667
3.27 4.056666666666667
5.97 4.067333333333333
3.27 4.067333333333333
5.97 4.078
3.27 4.078
6.003333333333334 4.088666666666668
3.3033333333333332 4.088666666666668
6.036666666666666 4.099333333333334
3.3033333333333332 4.099333333333334
6.07 4.11
3.3033333333333332 4.11
6.103333333333333 4.120666666666667
3.3033333333333332 4.120666666666667
6.136666666666667 4.131333333333334
3.3033333333333332 4.131333333333334
6.136666666666667 4.142
3.3033333333333332 4.142
6.170000000000001 4.152666666666668
3.3033333333333332 4.152666666666668
6.203333333333333 4.163333333333333
3.3366666666666664 4.163333333333333
6.236666666666667 4.174
3.3366666666666664 4.174
6.27 4.184666666666668
3.3366666666666664 4.184666666666668
6.303333333333334 4.195333333333334
3.3366666666666664 4.195333333333334
6.336666666666667 4.206
3.3366666666666664 4.206
6.37 4.216666666666667
3.3366666666666664 4.216666666666667
6.37 4.227333333333333
3.3699999999999997 4.227333333333333
6.403333333333333 4.238
3.3699999999999997 4.238
6.4366666666666665 4.248666666666668
3.3699999999999997 4.248666666666668
6.47 4.259333333333334
3.3699999999999997 4.259333333333334
6.503333333333334 4.2700000000000005
3.3699999999999997 4.2700000000000005
6.536666666666666 4.280666666666667
3.3699999999999997 4.280666666666667
6.57 4.291333333333333
3.3699999999999997 4.291333333333333
6.603333333333333 4.3020000000000005
3.4033333333333338 4.3020000000000005
6.636666666666667 4.312666666666668
3.4033333333333338 4.312666666666668
6.636666666666667 4.323333333333333
3.4033333333333338 4.323333333333333
6.670000000000001 4.3340000000000005
3.4033333333333338 4.3340000000000005
6.703333333333333 4.344666666666667
3.4033333333333338 4.344666666666667
6.736666666666667 4.355333333333334
3.4033333333333338 4.355333333333334
6.77 4.3660000000000005
3.4033333333333338 4.3660000000000005
6.803333333333334 4.376666666666667
3.436666666666667 4.376666666666667
6.836666666666667 4.387333333333333
3.436666666666667 4.387333333333333
6.87 4.398000000000001
3.436666666666667 4.398000000000001
6.903333333333333 4.408666666666667
3.436666666666667 4.408666666666667
6.9366666666666665 4.419333333333334
3.436666666666667 4.419333333333334
6.9366666666666665 4.430000000000001
3.436666666666667 4.430000000000001
6.97 4.440666666666667
3.436666666666667 4.440666666666667
7.003333333333334 4.451333333333333
3.47 4.451333333333333
7.036666666666666 4.462000000000001
3.47 4.462000000000001
7.07 4.472666666666668
3.47 4.472666666666668
7.103333333333333 4.483333333333333
3.47 4.483333333333333
7.136666666666667 4.494000000000001
3.47 4.494000000000001
7.170000000000001 4.504666666666667
3.47 4.504666666666667
7.203333333333333 4.515333333333333
3.47 4.515333333333333
7.236666666666667 4.526000000000001
3.5033333333333334 4.526000000000001
7.27 4.536666666666666
3.5033333333333334 4.536666666666666
7.303333333333334 4.5473333333333334
3.5033333333333334 4.5473333333333334
7.336666666666667 4.558000000000001
3.5033333333333334 4.558000000000001
7.37 4.568666666666667
3.5033333333333334 4.568666666666667
7.403333333333333 4.5793333333333335
3.5033333333333334 4.5793333333333335
7.403333333333333 4.59
3.5033333333333334 4.59
7.4366666666666665 4.600666666666667
3.5366666666666666 4.600666666666667
7.47 4.6113333333333335
3.5366666666666666 4.6113333333333335
7.503333333333334 4.622000000000001
3.5366666666666666 4.622000000000001
7.536666666666666 4.632666666666667
3.5366666666666666 4.632666666666667
7.57 4.6433333333333335
3.5366666666666666 4.6433333333333335
7.603333333333333 4.654000000000001
3.5366666666666666 4.654000000000001
7.636666666666667 4.664666666666667
3.5366666666666666 4.664666666666667
7.670000000000001 4.675333333333334
3.5700000000000003 4.675333333333334
7.703333333333333 4.686000000000001
3.5700000000000003 4.686000000000001
7.736666666666667 4.696666666666666
3.5700000000000003 4.696666666666666
7.77 4.707333333333334
3.5700000000000003 4.707333333333334
7.803333333333334 4.718000000000001
3.5700000000000003 4.718000000000001
7.836666666666667 4.728666666666667
3.5700000000000003 4.728666666666667
7.87 4.739333333333334
3.5700000000000003 4.739333333333334
7.903333333333333 4.75
3.6033333333333335 4.75
7.9366666666666665 4.760666666666666
3.6033333333333335 4.760666666666666
7.97 4.771333333333334
3.6033333333333335 4.771333333333334
8.003333333333334 4.782000000000001
3.6033333333333335 4.782000000000001
8.036666666666667 4.792666666666667
3.6033333333333335 4.792666666666667
8.07 4.803333333333334
3.6033333333333335 4.803333333333334
8.103333333333333 4.814
3.6033333333333335 4.814
8.136666666666667 4.824666666666667
3.6366666666666667 4.824666666666667
8.17 4.835333333333334
3.6366666666666667 4.835333333333334
8.203333333333333 4.846000000000001
3.6366666666666667 4.846000000000001
8.236666666666666 4.8566666666666665
3.6366666666666667 4.8566666666666665
8.270000000000001 4.867333333333334
3.6366666666666667 4.867333333333334
8.303333333333333 4.878
3.6366666666666667 4.878
8.336666666666668 4.888666666666667
3.6366666666666667 4.888666666666667
8.37 4.899333333333334
3.6366666666666667 4.899333333333334
8.403333333333334 4.91
3.67 4.91
8.436666666666667 4.9206666666666665
3.67 4.9206666666666665
8.47 4.931333333333334
3.67 4.931333333333334
8.503333333333334 4.942000000000001
3.67 4.942000000000001
8.536666666666667 4.952666666666667
3.67 4.952666666666667
8.57 4.963333333333334
3.67 4.963333333333334
8.603333333333333 4.974
3.67 4.974
8.636666666666667 4.984666666666667
3.703333333333333 4.984666666666667
8.67 4.995333333333334
3.703333333333333 4.995333333333334
8.703333333333333 5.006000000000001
3.703333333333333 5.006000000000001
8.736666666666666 5.016666666666667
3.703333333333333 5.016666666666667
8.770000000000001 5.027333333333334
3.703333333333333 5.027333333333334
8.803333333333333 5.038
3.703333333333333 5.038
8.836666666666668 5.048666666666667
3.703333333333333 5.048666666666667
8.903333333333334 5.059333333333334
3.736666666666667 5.059333333333334
8.936666666666667 5.07
3.736666666666667 5.07
8.97 5.080666666666667
3.736666666666667 5.080666666666667
9.003333333333334 5.091333333333334
3.736666666666667 5.091333333333334
9.036666666666667 5.102
3.736666666666667 5.102
9.07 5.112666666666668
3.736666666666667 5.112666666666668
9.103333333333333 5.123333333333334
3.736666666666667 5.123333333333334
9.136666666666667 5.134
3.736666666666667 5.134
9.17 5.144666666666667
3.77 5.144666666666667
9.203333333333333 5.155333333333334
3.77 5.155333333333334
9.236666666666666 5.166000000000001
3.77 5.166000000000001
9.270000000000001 5.176666666666667
3.77 5.176666666666667
9.303333333333333 5.187333333333334
3.77 5.187333333333334
9.336666666666668 5.198
3.77 5.198
9.37 5.208666666666667
3.77 5.208666666666667
9.436666666666667 5.219333333333334
3.8033333333333332 5.219333333333334
9.47 5.2299999999999995
3.8033333333333332 5.2299999999999995
9.503333333333334 5.240666666666667
3.8033333333333332 5.240666666666667
9.536666666666667 5.251333333333334
3.8033333333333332 5.251333333333334
9.57 5.2620000000000005
3.8033333333333332 5.2620000000000005
9.603333333333333 5.272666666666667
3.8033333333333332 5.272666666666667
9.636666666666667 5.283333333333333
3.8033333333333332 5.283333333333333
9.67 5.2940000000000005
3.8033333333333332 5.2940000000000005
9.703333333333333 5.304666666666667
3.8366666666666664 5.304666666666667
9.736666666666666 5.315333333333334
3.8366666666666664 5.315333333333334
9.770000000000001 5.3260000000000005
3.8366666666666664 5.3260000000000005
9.836666666666668 5.336666666666667
3.8366666666666664 5.336666666666667
9.87 5.347333333333334
3.8366666666666664 5.347333333333334
9.903333333333334 5.3580000000000005
3.8366666666666664 5.3580000000000005
9.936666666666667 5.368666666666667
3.8366666666666664 5.368666666666667
9.97 5.379333333333334
3.8366666666666664 5.379333333333334
10.003333333333334 5.390000000000001
3.8699999999999997 5.390000000000001
10.036666666666667 5.400666666666667
3.8699999999999997 5.400666666666667
10.07 5.411333333333334
3.8699999999999997 5.411333333333334
10.103333333333333 5.422000000000001
3.8699999999999997 5.422000000000001
10.17 5.432666666666667
3.8699999999999997 5.432666666666667
10.203333333333333 5.443333333333334
3.8699999999999997 5.443333333333334
10.236666666666666 5.454000000000001
3.8699999999999997 5.454000000000001
10.270000000000001 5.464666666666667
3.8699999999999997 5.464666666666667
10.303333333333333 5.475333333333334
3.9033333333333338 5.475333333333334
10.336666666666668 5.486000000000001
3.9033333333333338 5.486000000000001
10.37 5.496666666666667
3.9033333333333338 5.496666666666667
10.436666666666667 5.507333333333334
3.9033333333333338 5.507333333333334
10.47 5.518000000000001
3.9033333333333338 5.518000000000001
10.503333333333334 5.528666666666667
3.9033333333333338 5.528666666666667
10.536666666666667 5.539333333333334
3.9033333333333338 5.539333333333334
10.57 5.55
3.936666666666667 5.55
10.603333333333333 5.560666666666667
3.936666666666667 5.560666666666667
10.636666666666667 5.571333333333334
3.936666666666667 5.571333333333334
10.703333333333333 5.582000000000001
3.936666666666667 5.582000000000001
10.736666666666666 5.592666666666667
3.936666666666667 5.592666666666667
10.770000000000001 5.603333333333333
3.936666666666667 5.603333333333333
10.803333333333335 5.614000000000001
3.936666666666667 5.614000000000001
10.836666666666666 5.624666666666667
3.936666666666667 5.624666666666667
10.87 5.635333333333334
3.97 5.635333333333334
10.936666666666667 5.646000000000001
3.97 5.646000000000001
10.97 5.656666666666666
3.97 5.656666666666666
11.003333333333332 5.6673333333333344
3.97 5.6673333333333344
11.036666666666667 5.678000000000001
3.97 5.678000000000001
11.07 5.688666666666667
3.97 5.688666666666667
11.136666666666668 5.6993333333333345
3.97 5.6993333333333345
11.17 5.71
3.97 5.71
11.203333333333333 5.720666666666667
4.003333333333333 5.720666666666667
11.236666666666666 5.7313333333333345
4.003333333333333 5.7313333333333345
11.270000000000001 5.742000000000001
4.003333333333333 5.742000000000001
11.303333333333335 5.752666666666667
4.003333333333333 5.752666666666667
11.37 5.763333333333333
4.003333333333333 5.763333333333333
11.403333333333334 5.774
4.003333333333333 5.774
11.436666666666667 5.784666666666667
4.003333333333333 5.784666666666667
11.47 5.795333333333335
4.003333333333333 5.795333333333335
11.503333333333332 5.806000000000001
4.036666666666666 5.806000000000001
11.57 5.816666666666666
4.036666666666666 5.816666666666666
11.603333333333333 5.827333333333333
4.036666666666666 5.827333333333333
11.636666666666668 5.838000000000001
4.036666666666666 5.838000000000001
11.67 5.848666666666667
4.036666666666666 5.848666666666667
11.736666666666666 5.859333333333335
4.036666666666666 5.859333333333335
11.770000000000001 5.87
4.036666666666666 5.87
11.803333333333335 5.8806666666666665
4.036666666666666 5.8806666666666665
11.836666666666666 5.891333333333335
4.036666666666666 5.891333333333335
11.87 5.902000000000001
4.07 5.902000000000001
11.936666666666667 5.912666666666667
4.07 5.912666666666667
11.97 5.923333333333333
4.07 5.923333333333333
12.003333333333332 5.934
4.07 5.934
12.036666666666667 5.9446666666666665
4.07 5.9446666666666665
12.103333333333333 5.955333333333335
4.07 5.955333333333335
12.136666666666668 5.966000000000001
4.07 5.966000000000001
12.17 5.976666666666667
4.07 5.976666666666667
12.203333333333333 5.987333333333333
4.1033333333333335 5.987333333333333
12.270000000000001 5.998
4.1033333333333335 5.998
12.303333333333335 6.0086666666666675
4.1033333333333335 6.0086666666666675
12.336666666666666 6.019333333333335
4.1033333333333335 6.019333333333335
12.37 6.03
4.1033333333333335 6.03
12.436666666666667 6.040666666666667
4.1033333333333335 6.040666666666667
12.47 6.051333333333333
4.1033333333333335 6.051333333333333
12.503333333333332 6.062000000000001
4.1033333333333335 6.062000000000001
12.536666666666667 6.0726666666666675
4.136666666666667 6.0726666666666675
12.603333333333333 6.083333333333333
4.136666666666667 6.083333333333333
12.636666666666668 6.094
4.136666666666667 6.094
12.67 6.104666666666667
4.136666666666667 6.104666666666667
12.703333333333333 6.115333333333333
4.136666666666667 6.115333333333333
12.770000000000001 6.126000000000001
4.136666666666667 6.126000000000001
12.803333333333335 6.136666666666667
4.136666666666667 6.136666666666667
12.836666666666666 6.147333333333333
4.136666666666667 6.147333333333333
12.87 6.158
4.17 6.158
12.936666666666667 6.168666666666667
4.17 6.168666666666667
12.97 6.179333333333335
4.17 6.179333333333335
13.003333333333332 6.19
4.17 6.19
13.07 6.200666666666667
4.17 6.200666666666667
13.103333333333333 6.211333333333333
4.17 6.211333333333333
13.136666666666668 6.222
4.17 6.222
13.17 6.232666666666668
4.17 6.232666666666668
13.236666666666666 6.243333333333333
4.17 6.243333333333333
13.270000000000001 6.2540000000000004
4.203333333333333 6.2540000000000004
13.303333333333335 6.264666666666667
4.203333333333333 6.264666666666667
13.37 6.275333333333333
4.203333333333333 6.275333333333333
13.403333333333334 6.2860000000000005
4.203333333333333 6.2860000000000005
13.436666666666667 6.296666666666667
4.203333333333333 6.296666666666667
13.503333333333332 6.307333333333333
4.203333333333333 6.307333333333333
13.536666666666667 6.3180000000000005
4.203333333333333 6.3180000000000005
13.57 6.328666666666667
4.203333333333333 6.328666666666667
13.636666666666668 6.339333333333333
4.236666666666667 6.339333333333333
13.67 6.3500000000000005
4.236666666666667 6.3500000000000005
13.703333333333333 6.360666666666667
4.236666666666667 6.360666666666667
13.736666666666666 6.371333333333333
4.236666666666667 6.371333333333333
13.803333333333335 6.382000000000001
4.236666666666667 6.382000000000001
13.836666666666666 6.392666666666667
4.236666666666667 6.392666666666667
13.87 6.403333333333333
4.236666666666667 6.403333333333333
13.936666666666667 6.414000000000001
4.236666666666667 6.414000000000001
13.97 6.424666666666667
4.236666666666667 6.424666666666667
14.003333333333332 6.435333333333333
4.2700000000000005 6.435333333333333
14.07 6.446000000000001
4.2700000000000005 6.446000000000001
14.103333333333333 6.456666666666667
4.2700000000000005 6.456666666666667
14.136666666666668 6.467333333333333
4.2700000000000005 6.467333333333333
14.203333333333333 6.478000000000001
4.2700000000000005 6.478000000000001
14.236666666666666 6.488666666666667
4.2700000000000005 6.488666666666667
14.303333333333335 6.499333333333333
4.2700000000000005 6.499333333333333
14.336666666666666 6.510000000000001
4.2700000000000005 6.510000000000001
14.37 6.520666666666667
4.303333333333334 6.520666666666667
14.436666666666667 6.531333333333333
4.303333333333334 6.531333333333333
14.47 6.542000000000001
4.303333333333334 6.542000000000001
14.503333333333332 6.552666666666667
4.303333333333334 6.552666666666667
14.57 6.5633333333333335
4.303333333333334 6.5633333333333335
14.603333333333333 6.574000000000001
4.303333333333334 6.574000000000001
14.636666666666668 6.584666666666667
4.303333333333334 6.584666666666667
14.703333333333333 6.5953333333333335
4.303333333333334 6.5953333333333335
14.736666666666666 6.606000000000001
4.303333333333334 6.606000000000001
14.803333333333335 6.616666666666667
4.336666666666667 6.616666666666667
14.836666666666666 6.6273333333333335
4.336666666666667 6.6273333333333335
14.87 6.638000000000001
4.336666666666667 6.638000000000001
14.936666666666667 6.648666666666667
4.336666666666667 6.648666666666667
14.97 6.6593333333333335
4.336666666666667 6.6593333333333335
15.003333333333332 6.670000000000001
4.336666666666667 6.670000000000001
15.07 6.680666666666667
4.336666666666667 6.680666666666667
15.103333333333333 6.691333333333334
4.336666666666667 6.691333333333334
15.17 6.702000000000001
4.336666666666667 6.702000000000001
15.203333333333333 6.712666666666667
4.37 6.712666666666667
15.236666666666666 6.723333333333334
4.37 6.723333333333334
15.303333333333335 6.734000000000001
4.37 6.734000000000001
15.336666666666666 6.744666666666667
4.37 6.744666666666667
15.403333333333334 6.755333333333334
4.37 6.755333333333334
15.436666666666667 6.766000000000001
4.37 6.766000000000001
15.47 6.776666666666667
4.37 6.776666666666667
15.536666666666667 6.787333333333334
4.37 6.787333333333334
15.57 6.798000000000001
4.403333333333333 6.798000000000001
15.636666666666668 6.808666666666667
4.403333333333333 6.808666666666667
15.67 6.819333333333334
4.403333333333333 6.819333333333334
15.703333333333333 6.830000000000001
4.403333333333333 6.830000000000001
15.770000000000001 6.840666666666667
4.403333333333333 6.840666666666667
15.803333333333335 6.851333333333334
4.403333333333333 6.851333333333334
15.87 6.861999999999999
4.403333333333333 6.861999999999999
15.903333333333334 6.872666666666667
4.403333333333333 6.872666666666667
15.97 6.883333333333334
4.403333333333333 6.883333333333334
16.003333333333334 6.894000000000001
4.4366666666666665 6.894000000000001
16.036666666666665 6.904666666666667
4.4366666666666665 6.904666666666667
16.103333333333335 6.915333333333333
4.4366666666666665 6.915333333333333
16.136666666666667 6.926000000000001
4.4366666666666665 6.926000000000001
16.203333333333333 6.9366666666666665
4.4366666666666665 6.9366666666666665
16.236666666666668 6.947333333333334
4.4366666666666665 6.947333333333334
16.303333333333335 6.958000000000001
4.4366666666666665 6.958000000000001
16.336666666666666 6.968666666666667
4.4366666666666665 6.968666666666667
16.403333333333332 6.979333333333334
4.4366666666666665 6.979333333333334
16.436666666666667 6.989999999999999
4.47 6.989999999999999
16.470000000000002 7.0006666666666675
4.47 7.0006666666666675
16.536666666666665 7.011333333333334
4.47 7.011333333333334
16.57 7.021999999999999
4.47 7.021999999999999
16.636666666666667 7.0326666666666675
4.47 7.0326666666666675
16.669999999999998 7.043333333333333
4.47 7.043333333333333
16.736666666666668 7.054000000000001
4.47 7.054000000000001
16.77 7.0646666666666675
4.47 7.0646666666666675
16.836666666666666 7.075333333333333
4.47 7.075333333333333
16.87 7.086000000000001
4.503333333333333 7.086000000000001
16.936666666666667 7.096666666666667
4.503333333333333 7.096666666666667
16.970000000000002 7.107333333333334
4.503333333333333 7.107333333333334
17.036666666666665 7.118000000000001
4.503333333333333 7.118000000000001
17.07 7.128666666666667
4.503333333333333 7.128666666666667
17.136666666666667 7.139333333333334
4.503333333333333 7.139333333333334
17.169999999999998 7.1499999999999995
4.503333333333333 7.1499999999999995
17.203333333333333 7.160666666666668
4.503333333333333 7.160666666666668
17.27 7.171333333333334
4.503333333333333 7.171333333333334
17.303333333333335 7.1819999999999995
4.536666666666666 7.1819999999999995
17.37 7.192666666666668
4.536666666666666 7.192666666666668
17.403333333333332 7.203333333333333
4.536666666666666 7.203333333333333
17.470000000000002 7.214000000000001
4.536666666666666 7.214000000000001
17.503333333333334 7.224666666666668
4.536666666666666 7.224666666666668
17.57 7.235333333333333
4.536666666666666 7.235333333333333
17.603333333333335 7.246000000000001
4.536666666666666 7.246000000000001
17.669999999999998 7.256666666666667
4.536666666666666 7.256666666666667
17.703333333333333 7.267333333333334
4.536666666666666 7.267333333333334
17.77 7.278
4.536666666666666 7.278
17.803333333333335 7.288666666666667
4.57 7.288666666666667
17.87 7.299333333333334
4.57 7.299333333333334
17.936666666666667 7.31
4.57 7.31
17.970000000000002 7.320666666666668
4.57 7.320666666666668
18.036666666666665 7.331333333333333
4.57 7.331333333333333
18.07 7.342
4.57 7.342
18.136666666666667 7.352666666666668
4.57 7.352666666666668
18.169999999999998 7.363333333333333
4.57 7.363333333333333
18.236666666666668 7.374000000000001
4.57 7.374000000000001
18.27 7.384666666666667
4.6033333333333335 7.384666666666667
18.336666666666666 7.395333333333333
4.6033333333333335 7.395333333333333
18.37 7.4060000000000015
4.6033333333333335 7.4060000000000015
18.436666666666667 7.416666666666667
4.6033333333333335 7.416666666666667
18.470000000000002 7.427333333333334
4.6033333333333335 7.427333333333334
18.536666666666665 7.438
4.6033333333333335 7.438
18.57 7.448666666666667
4.6033333333333335 7.448666666666667
18.636666666666667 7.459333333333334
4.6033333333333335 7.459333333333334
18.703333333333333 7.47
4.6033333333333335 7.47
18.736666666666668 7.480666666666668
4.636666666666667 7.480666666666668
18.803333333333335 7.491333333333333
4.636666666666667 7.491333333333333
18.836666666666666 7.502
4.636666666666667 7.502
18.903333333333332 7.512666666666668
4.636666666666667 7.512666666666668
18.936666666666667 7.523333333333333
4.636666666666667 7.523333333333333
19.003333333333334 7.534000000000002
4.636666666666667 7.534000000000002
19.036666666666665 7.544666666666667
4.636666666666667 7.544666666666667
19.103333333333335 7.5553333333333335
4.636666666666667 7.5553333333333335
19.169999999999998 7.566000000000002
4.636666666666667 7.566000000000002
19.203333333333333 7.576666666666667
4.67 7.576666666666667
19.27 7.587333333333334
4.67 7.587333333333334
19.303333333333335 7.598
4.67 7.598
19.37 7.608666666666667
4.67 7.608666666666667
19.436666666666667 7.6193333333333335
4.67 7.6193333333333335
19.470000000000002 7.63
4.67 7.63
19.536666666666665 7.640666666666668
4.67 7.640666666666668
19.57 7.6513333333333335
4.67 7.6513333333333335
19.636666666666667 7.662
4.67 7.662
19.669999999999998 7.672666666666667
4.67 7.672666666666667
19.736666666666668 7.683333333333334
4.703333333333333 7.683333333333334
19.803333333333335 7.694000000000002
4.703333333333333 7.694000000000002
19.836666666666666 7.704666666666667
4.703333333333333 7.704666666666667
19.903333333333332 7.715333333333334
4.703333333333333 7.715333333333334
19.936666666666667 7.726
4.703333333333333 7.726
20.003333333333334 7.736666666666667
4.703333333333333 7.736666666666667
20.07 7.7473333333333345
4.703333333333333 7.7473333333333345
20.103333333333335 7.758
4.703333333333333 7.758
20.169999999999998 7.768666666666667
4.703333333333333 7.768666666666667
20.236666666666668 7.779333333333334
4.736666666666667 7.779333333333334
20.27 7.79
4.736666666666667 7.79
20.336666666666666 7.800666666666668
4.736666666666667 7.800666666666668
20.37 7.811333333333334
4.736666666666667 7.811333333333334
20.436666666666667 7.822
4.736666666666667 7.822
20.503333333333334 7.832666666666667
4.736666666666667 7.832666666666667
20.536666666666665 7.843333333333334
4.736666666666667 7.843333333333334
20.603333333333335 7.854000000000002
4.736666666666667 7.854000000000002
20.669999999999998 7.864666666666667
4.736666666666667 7.864666666666667
20.703333333333333 7.875333333333334
4.736666666666667 7.875333333333334
20.77 7.886
4.7700000000000005 7.886
20.803333333333335 7.896666666666667
4.7700000000000005 7.896666666666667
20.87 7.907333333333335
4.7700000000000005 7.907333333333335
20.936666666666667 7.918
4.7700000000000005 7.918
20.970000000000002 7.928666666666666
4.7700000000000005 7.928666666666666
21.036666666666665 7.939333333333334
4.7700000000000005 7.939333333333334
21.103333333333335 7.95
4.7700000000000005 7.95
21.136666666666667 7.9606666666666674
4.7700000000000005 7.9606666666666674
21.203333333333333 7.971333333333334
4.7700000000000005 7.971333333333334
21.27 7.981999999999999
4.7700000000000005 7.981999999999999
21.303333333333335 7.9926666666666675
4.803333333333334 7.9926666666666675
